sample	leaf	side	label	DII_mean	DII_median	DII_min	DII_max	mDII_mean	mDII_median	mDII_min	mDII_max	mean_ratio	median_ratio	min_ratio	max_ratio	size	solidity
2	right	ab	1	0.25398653214	0.190316767185	0.0403040860171	0.837073670961	0.269917127449	0.245229007634	0.0787213740458	0.70737913486	0.940979679731	0.776077712102	0.511984026011	1.18334515355	60.0494810822	0.855832241153
2	right	ab	2	0.239708273298	0.228583823584	0.052235259495	0.567894757129	0.273768154378	0.24427480916	0.0559796437659	0.642652671756	0.875588593724	0.935765027798	0.93311168098	0.88367291087	64.1876535917	0.857493857494
2	right	ab	3	0.0522509804133	0.0514349978593	0.00480156981431	0.131242908258	0.333856862917	0.316078244275	0.147582697201	0.674459287532	0.156507132897	0.162728687567	0.0325347747763	0.194589815403	80.0046685169	0.796703296703
2	right	ab	4	0.313343704974	0.288021437801	0.068385994325	0.682404922094	0.259672638171	0.241173664122	0.0634541984733	0.57951653944	1.20668741682	1.19424912686	1.07772213613	1.1775417536	54.6238771253	0.82271468144
2	right	ab	5	0.0583101783322	0.0556545592113	0.00349205077404	0.13546246961	0.294497365622	0.269720101781	0.147582697201	0.713263358779	0.197998981108	0.206341903491	0.0236616543827	0.189919288496	32.5536237413	0.774617067834
2	right	ab	6	0.164392385384	0.125641076808	0.0270633934988	0.566876242319	0.325446241456	0.294608778626	0.077131043257	0.741889312977	0.505129156349	0.426467525488	0.350875501692	0.764098137557	141.801377992	0.802289281998
2	right	ab	7	0.00558508715895	0.00334654865846	0.0	0.0304099421573	0.31368559581	0.286577608142	0.14774173028	0.748250636132	0.0178047294283	0.0116776348304	0.0	0.0406413849702	69.5212981595	0.866972477064
2	right	ab	8	0.114188638739	0.11370990333	0.0170237475235	0.21388810991	0.301524432599	0.277671755725	0.142493638677	0.650922391858	0.378704431195	0.40951195426	0.119470228156	0.328592336945	64.0037348135	0.804624277457
2	right	ab	9	0.0772544557838	0.0771161212601	0.0187697729105	0.145211111354	0.262063533846	0.255248091603	0.147900763359	0.427639949109	0.294792849086	0.3021222246	0.126907883937	0.339563952471	56.0032679618	0.826322930801
2	right	ab	10	0.165859817661	0.158015297525	0.042777621982	0.295660298869	0.301806709497	0.276240458015	0.097010178117	0.583969465649	0.549556429469	0.572020835256	0.44096014266	0.50629410656	49.9339482812	0.857819905213
2	right	ab	11	0.199133619958	0.197664624022	0.0541267869976	0.394019729004	0.294418747574	0.26852735369	0.0981234096692	0.567748091603	0.676361887952	0.736106103555	0.551619508333	0.694004497473	65.1072474827	0.895069532238
2	right	ab	12	0.125882689122	0.120184747473	0.0430686262132	0.236149933595	0.369031799233	0.312977099237	0.147582697201	0.995229007634	0.341116102686	0.384004924854	0.29182707072	0.237282004225	47.5430041646	0.791730474732
2	right	ab	13	0.0676748502402	0.0672219774003	0.0103306502065	0.145647617701	0.321839757484	0.302480916031	0.147582697201	0.679866412214	0.210274985195	0.222235433172	0.0699990608822	0.214229759088	67.0383946538	0.837931034483
2	right	ab	14	0.00568556379956	0.00480156981431	0.0	0.0219708194533	0.290681795147	0.262881679389	0.147582697201	0.759541984733	0.0195594078972	0.0182651367165	0.0	0.0289264055114	43.8646286006	0.845744680851
2	right	ab	15	0.134259622366	0.128696621235	0.0483067023742	0.293768771366	0.389091013753	0.356870229008	0.148059796438	1.0	0.34505968429	0.360625826348	0.326264816895	0.293768771366	29.9787608465	0.862433862434
2	right	ab	16	0.126983643279	0.126441338443	0.0289549210014	0.260594289013	0.316364274074	0.2868956743	0.147582697201	0.820769720102	0.401384270239	0.440722359275	0.196194550923	0.317499881673	57.2906994092	0.860497237569
2	right	ab	17	0.0435439147873	0.0413226008262	0.0161507348299	0.0934123582056	0.225063673357	0.219306615776	0.147582697201	0.350667938931	0.193473758505	0.188423868017	0.10943515152	0.266384085441	48.6465168338	0.833070866142
2	right	ab	18	0.0294802380484	0.0279364061923	0.00363755288963	0.0792986529939	0.317190804397	0.307569974555	0.14774173028	0.603212468193	0.0929416541709	0.0908294323358	0.0246210253713	0.13146056684	76.2343335638	0.882854100106
2	right	ab	19	0.00805764818778	0.00669309731691	0.0	0.0293914273482	0.300114041988	0.28268129771	0.147900763359	0.552003816794	0.0268486210589	0.02367718477	0.0	0.0532449712375	78.5333182913	0.915326902465
2	right	ab	20	0.209865455613	0.200938421623	0.0887562905069	0.390236673999	0.266928928403	0.246660305344	0.0896946564885	0.542779898219	0.786222223528	0.81463623157	0.989538217566	0.718959333755	76.7860898984	0.823471400394
2	right	ab	21	0.147263563957	0.136480984419	0.0436506346755	0.29958885599	0.280214586195	0.260019083969	0.142493638677	0.559001272265	0.525538538007	0.524888336407	0.306333918348	0.5359359108	111.914576535	0.886380189366
2	right	ab	22	0.061738835176	0.0587828546964	0.00887562905069	0.130951904027	0.270525924031	0.249443384224	0.147582697201	0.513040712468	0.228217814603	0.235656098394	0.0601400382228	0.255246612684	71.3604859415	0.834408602151
2	right	ab	23	0.0869109134551	0.0816266868432	0.0225528279157	0.178822100054	0.326667488688	0.280057251908	0.147582697201	0.790871501272	0.266053147205	0.291464285559	0.152814851222	0.226107654362	62.624343977	0.871959026889
2	right	ab	24	0.0605860002773	0.0602378758522	0.00814811847276	0.129787887102	0.312516240779	0.280534351145	0.147582697201	0.721374045802	0.193865125622	0.214725489432	0.055210526893	0.17991760011	69.3373793813	0.866666666667
2	right	ab	25	0.074625027498	0.071878045099	0.0203702961819	0.145938621932	0.375810269095	0.337309160305	0.147582697201	0.858301526718	0.198571017439	0.213092478823	0.138026317233	0.170031879694	82.3036532444	0.891434262948
2	right	ab	26	0.005375298322	0.0048743208721	0.0	0.0183332665637	0.302513513419	0.289917302799	0.147582697201	0.551844783715	0.0177687874544	0.016812797391	0.0	0.0332217810238	166.446494271	0.810931899642
2	right	ab	27	0.226451219047	0.216725401164	0.0734785683705	0.457313149284	0.285505888901	0.245865139949	0.0888994910941	0.694974554707	0.793157787107	0.881480803699	0.826535309326	0.658028623043	75.0388615055	0.856243441763
2	right	ab	28	0.167984886927	0.166454420229	0.0407405923638	0.321123169096	0.336230129415	0.298027989822	0.0756997455471	0.850031806616	0.499612831303	0.558519420705	0.538186648705	0.377777827367	76.9700086766	0.828712871287
2	right	ab	29	0.0343684252451	0.0311374527352	0.00742060789484	0.127896359599	0.320620462106	0.285066793893	0.147582697201	0.69036259542	0.107193486714	0.109228620808	0.0502810155633	0.185259688818	77.7976431785	0.853683148335
2	right	ab	30	0.00374064529767	0.00334654865846	0.0	0.0128041861715	0.295491658141	0.281647582697	0.147900763359	0.624522900763	0.0126590554915	0.0118820428935	0.0	0.0205023485221	98.1206681695	0.755130927105
2	right	ab	31	0.0663394135903	0.0635844245107	0.015423224252	0.136917490766	0.23816824989	0.229246183206	0.147582697201	0.419688295165	0.278540122879	0.277363067168	0.10450564019	0.326236143211	65.8429225955	0.855436081243
2	right	ab	32	0.0629078665848	0.0611108885457	0.0208068025287	0.132552427298	0.318641892803	0.288963104326	0.148377862595	0.645674300254	0.197424971435	0.211483361131	0.140228482637	0.205293020406	74.57906456	0.88152173913
2	right	ab	33	0.00489796170057	0.00451056558314	0.0	0.0152777221364	0.263582053074	0.253816793893	0.147582697201	0.48441475827	0.0185823034742	0.017770950117	0.0	0.0315385150341	51.2213797286	0.889776357827
2	right	ab	34	0.00435659600477	0.00378305500521	0.0	0.0183332665637	0.258886964878	0.246898854962	0.14774173028	0.445928753181	0.016828178301	0.0153222865525	0.0	0.0411125464168	77.4298056221	0.858307849134
2	right	ab	35	0.00285668370066	0.00261903808053	0.0	0.013677198865	0.259289946849	0.248091603053	0.14774173028	0.458015267176	0.0110173330489	0.0105567381092	0.0	0.0298618841886	56.9228618528	0.857340720222
2	right	ab	36	0.150585821216	0.148121153666	0.0451056558314	0.278636551345	0.309085881806	0.298823155216	0.132792620865	0.61641221374	0.487197345724	0.495681646753	0.339669896848	0.452029575557	89.0166886486	0.831615120275
2	right	ab	37	0.00684172076501	0.00625659097016	0.0	0.0202247940663	0.311264738115	0.301685750636	0.14774173028	0.531965648855	0.021980391375	0.0207387685927	0.0	0.0380189850789	55.7273897945	0.915407854985
2	right	ab	38	0.181553403726	0.176930572551	0.0734785683705	0.315448586588	0.279351693985	0.256997455471	0.108778625954	0.529739185751	0.649909800569	0.688452623888	0.675487189932	0.595479049075	54.347998958	0.812929848693
2	right	ab	39	0.0446921235029	0.042777621982	0.0120766755936	0.0921028391654	0.314931532074	0.298187022901	0.147582697201	0.662690839695	0.141910602627	0.143459033079	0.0818298880736	0.138983117992	118.811530717	0.864792503347
2	right	ab	40	0.021935788321	0.0209523046443	0.00334654865846	0.0468516812184	0.320617572299	0.300731552163	0.147900763359	0.67891221374	0.0684172990386	0.0696711219477	0.0226269870585	0.0690099253927	87.0855414776	0.879294336119
2	right	ab	41	0.0487350174908	0.0475791917963	0.0165872411767	0.0877377756978	0.227551361794	0.219942748092	0.147582697201	0.371183206107	0.214171504431	0.216325349252	0.112392858318	0.236373236327	62.0725876424	0.847989949749
2	right	ab	42	0.0202157234818	0.0197882877196	0.00174602538702	0.0485977066054	0.28304479219	0.259223918575	0.147582697201	0.56536259542	0.0714223474152	0.076336658393	0.0118308271914	0.0859584751434	107.684444636	0.818881118881
2	right	ab	43	0.163202477885	0.154450495694	0.0533992764197	0.333781853152	0.270513958261	0.240139949109	0.13215648855	0.488390585242	0.603305200714	0.643168686703	0.404060950815	0.683432202091	44.6922631025	0.888482632541
2	right	ab	44	0.00347622209201	0.00305554442729	0.0	0.00902113116627	0.275155173699	0.267175572519	0.14774173028	0.479802798982	0.0126336788267	0.011436466285	0.0	0.0188017476876	21.9782939949	0.829861111111
2	right	ab	45	0.180356773554	0.176421315147	0.0712960366367	0.295660298869	0.274808846011	0.259621501272	0.13072519084	0.54691475827	0.656299009919	0.679532759353	0.545388659819	0.540596673244	46.5314508845	0.798107255521
2	right	ab	46	0.0148068243805	0.0131679414604	0.00145502115585	0.0346295035092	0.196007787802	0.1931456743	0.148059796438	0.26701653944	0.0755420207871	0.0681762172938	0.00982725352093	0.129690481278	30.3465984029	0.857142857143
2	right	ab	47	0.0215672635261	0.0208068025287	0.00087301269351	0.0545632933444	0.223461189105	0.219306615776	0.147582697201	0.350986005089	0.0965145831922	0.0948753983323	0.00591541359568	0.155457176506	77.1539274548	0.854378818737
2	right	ab	48	0.0720753383952	0.0693317580763	0.0116401692468	0.147248140972	0.330387526368	0.302958015267	0.147582697201	0.701494910941	0.218153933315	0.228849393587	0.0788721812758	0.209906214108	98.9483026714	0.876935615322
2	right	ab	49	0.0377784991182	0.0365210310119	0.010185148091	0.0749335895263	0.291435158064	0.26701653944	0.147582697201	0.635496183206	0.129629175042	0.13677441513	0.0690131586163	0.117913516252	77.8896025676	0.886910994764
2	right	ab	50	0.00464517682181	0.00421956135197	0.000727510577925	0.0128041861715	0.249832396276	0.238072519084	0.14774173028	0.413008905852	0.018593172427	0.0177238488852	0.00492420507427	0.0310022035604	61.4288719187	0.895442359249
2	right	ab	51	0.0101115388949	0.00916663328186	0.0	0.0285184146547	0.272226071253	0.257633587786	0.147900763359	0.478053435115	0.0371439034046	0.0355801173311	0.0	0.0596552865431	70.1650138832	0.883101851852
2	right	ab	52	0.294824825721	0.269106162775	0.0833727122303	0.646465899545	0.252534669211	0.229484732824	0.0666348600509	0.565680661578	1.16746277508	1.17265388186	1.25118762411	1.14281067651	91.9593890998	0.865051903114
2	right	ab	53	0.127417627114	0.122876536612	0.0347750056248	0.266123369405	0.300614779622	0.273139312977	0.147900763359	0.578880407125	0.423856828577	0.449867634477	0.235123908999	0.459720809566	105.20154113	0.888888888889
2	right	ab	54	0.0165825875909	0.0160052327144	0.00116401692468	0.045251157947	0.303921708253	0.28975826972	0.147582697201	0.559319338422	0.0545620373295	0.055236500169	0.00788721812758	0.0809039753115	86.2579069757	0.887417218543
2	right	ab	55	0.0111647749472	0.0104761523221	0.00174602538702	0.0235713427248	0.203133476988	0.198155216285	0.147582697201	0.300731552163	0.0549627521409	0.052868415571	0.0118308271914	0.0783800121911	30.6224765702	0.849489795918
2	right	ab	56	0.022419903326	0.0216798152222	0.0029100423117	0.0742060789484	0.240257451257	0.22868956743	0.128180661578	0.39917302799	0.0933161623447	0.0948001934055	0.0227026626005	0.185899531644	101.063368621	0.765320334262
2	right	ab	57	0.0532261843258	0.0490342129522	0.0068385994325	0.113200645925	0.241958411485	0.231075063613	0.147582697201	0.427480916031	0.219980714864	0.212200365481	0.0463374064995	0.264808653861	219.69098056	0.736663583102
2	right	ab	58	0.00346960187621	0.00320104654287	0.0	0.0130951904027	0.282905307161	0.271946564885	0.147582697201	0.49713740458	0.0122641809411	0.011770865884	0.0	0.0263411891401	80.4644654624	0.89013224822
2	right	ab	59	0.206339373287	0.1983921346	0.111891126885	0.35924472338	0.220059293229	0.202846692112	0.0776081424936	0.424618320611	0.937653530825	0.978039782334	1.44174468412	0.846041505847	61.6127906969	0.893333333333
2	right	ab	60	0.143358981989	0.143610588082	0.0491797150678	0.255938221314	0.303808090364	0.286418575064	0.137881679389	0.565044529262	0.471873483741	0.501401098202	0.35668056326	0.452952303862	128.375307183	0.780324203466
2	right	ab	61	0.121918853195	0.1199664943	0.050489234108	0.234112903976	0.335693447118	0.319338422392	0.147582697201	0.587627226463	0.363185085208	0.375671970198	0.342108086284	0.398403772721	65.1072474827	0.791061452514
2	right	ab	62	0.125769672621	0.123167540843	0.00887562905069	0.250409140922	0.292792282748	0.272026081425	0.146151399491	0.54405216285	0.429552553231	0.452778425501	0.0607290048648	0.460266786939	148.790291564	0.828893442623
2	right	ab	63	0.0434699081554	0.0424866177508	0.0129496882871	0.0925393455121	0.27471353915	0.255168575064	0.147582697201	0.504930025445	0.158237225183	0.166504114938	0.0877453016693	0.18327162349	58.1183339111	0.804071246819
2	right	ab	64	0.0638522137976	0.0621294033548	0.0177512581014	0.128769372293	0.200473882837	0.189726463104	0.116571246819	0.325858778626	0.318506395416	0.327468305361	0.152278186823	0.395169259628	40.9219281494	0.728314238953
2	right	ab	65	0.0538552319774	0.0531082721886	0.0097486417442	0.107671565533	0.307459273092	0.287849872774	0.148059796438	0.581106870229	0.175162165173	0.184499898078	0.0658425985903	0.185287029029	72.9237955562	0.897058823529
2	right	ab	66	0.0348683983518	0.0339747439891	0.00712960366367	0.0694045091341	0.270782373329	0.252703562341	0.147582697201	0.504930025445	0.128769084646	0.134445053621	0.0483092110314	0.137453717617	92.6950642126	0.871218668971
2	right	ab	67	0.0229777632533	0.0219708194533	0.00567458250782	0.0509257404548	0.278309196357	0.267255089059	0.147582697201	0.493320610687	0.0825619977854	0.0822091715101	0.0384501883719	0.1032305145	100.603571675	0.893790849673
2	right	ab	68	0.0177623874903	0.0174602538702	0.00160052327144	0.0483067023742	0.275308667585	0.263358778626	0.147582697201	0.459923664122	0.0645180830887	0.0662983552753	0.0108449249254	0.105032000183	114.213561262	0.877738515901
2	right	ab	69	0.127706934458	0.128696621235	0.0349205077404	0.224364262232	0.278652749163	0.258110687023	0.123250636132	0.518924936387	0.45830136197	0.498610199831	0.283329229254	0.432363616585	117.891936826	0.886583679115
2	right	ab	70	0.0747828597898	0.0715870408679	0.0225528279157	0.146229626163	0.276364018147	0.255168575064	0.148218829517	0.501272264631	0.270595500425	0.280548029278	0.152158993491	0.29171696996	61.4288719187	0.908843537415
2	right	ab	71	0.190240992707	0.185296944198	0.0692590070185	0.334654865846	0.255437279006	0.233540076336	0.087786259542	0.483301526718	0.74476596935	0.793426751866	0.788950427776	0.692434944534	70.8087296069	0.789743589744
2	right	ab	72	0.0699271866367	0.0688225006717	0.0344840013937	0.101996983025	0.179674954915	0.174141221374	0.147582697201	0.241253180662	0.389187166736	0.395210853173	0.233658837029	0.422779847899	28.4154512319	0.762962962963
2	right	ab	73	0.0331495391336	0.0317194611975	0.00989414385979	0.0676584837471	0.230324140504	0.22153307888	0.147582697201	0.385814249364	0.143925595732	0.143181602305	0.0670413540844	0.175365435203	61.1529937514	0.890227576975
2	right	ab	74	0.0876707146669	0.0829362058835	0.0272088956144	0.169509964657	0.230047123545	0.225508905852	0.14774173028	0.359573791349	0.381098938843	0.367773527923	0.184165269778	0.471419132137	65.8429225955	0.851367419738
2	right	ab	75	0.0477597629473	0.0468516812184	0.0087301269351	0.1008329661	0.277686035633	0.26415394402	0.14774173028	0.501113231552	0.171991950688	0.177365064119	0.0590904608912	0.201217927909	97.2930336676	0.925634295713
2	right	ab	76	0.0221995443699	0.0213160599332	0.00960313962862	0.0407405923638	0.192818572172	0.188056615776	0.148695928753	0.271946564885	0.115131774496	0.113349162672	0.0645823978446	0.149811020341	24.2772787224	0.848874598071
2	right	ab	77	0.0693768120309	0.0704230239432	0.0282274104235	0.0973409153264	0.177359421216	0.173027989822	0.115776081425	0.232665394402	0.391165079109	0.407003653083	0.243810380141	0.418372983987	36.2319993053	0.778656126482
2	right	ab	78	0.0425897089359	0.0413226008262	0.00931213539745	0.0886107883913	0.239047161271	0.224872773537	0.147900763359	0.433047073791	0.178164462231	0.183759910887	0.0629620509453	0.204621607567	61.5208313078	0.825925925926
2	right	ab	79	0.00295926536783	0.00232803384936	0.0	0.00858462481952	0.196774673813	0.193861323155	0.147900763359	0.279739185751	0.015038852869	0.0120087586914	0.0	0.0306879595595	43.2209128769	0.797962648557
2	right	ab	80	0.0878128820057	0.085918999253	0.0372485415898	0.179404108516	0.215886546488	0.208730916031	0.147900763359	0.339217557252	0.406754767419	0.411625651278	0.251848203781	0.528876246766	51.1294203395	0.867394695788
2	right	ab	81	0.115962299175	0.117638460451	0.0600923737366	0.182168648713	0.203833706935	0.20594783715	0.129770992366	0.294529262087	0.568906393934	0.571205126883	0.463064762324	0.618507809452	46.3475321063	0.777777777778
2	right	ab	82	0.078319745566	0.0779891339536	0.0339019929313	0.131097406142	0.200292392387	0.197041984733	0.14774173028	0.281488549618	0.391027061152	0.395799575706	0.229467956461	0.465729090295	48.6465168338	0.860162601626
2	right	ab	83	0.0502677869858	0.0507802383392	0.0224073258001	0.0775526276068	0.207805808974	0.198791348601	0.147582697201	0.315203562341	0.241897891276	0.255444910941	0.151828948956	0.246039819572	56.5550242964	0.835597826087
2	right	ab	84	0.0285515275859	0.0257538744586	0.00727510577925	0.0755155979887	0.20457976946	0.199586513995	0.147582697201	0.311227735369	0.139561832831	0.129036145494	0.0492951132974	0.242637751739	68.6936636576	0.847900113507
2	right	ab	85	0.046514317388	0.0453966600625	0.0176057559858	0.093994366668	0.210239288313	0.198950381679	0.14774173028	0.323314249364	0.221244648235	0.228180814127	0.119165762797	0.290721385936	47.910841721	0.714677640604
2	right	ab	86	0.0348260316347	0.0343384992781	0.010185148091	0.0673674795159	0.202324415791	0.197519083969	0.147582697201	0.299936386768	0.172129653747	0.1738490205	0.0690131586163	0.224605891408	60.0494810822	0.836107554417
2	right	ab	87	0.0622371512772	0.0612563906613	0.0321559675443	0.0951583835926	0.197217245677	0.193702290076	0.14774173028	0.276558524173	0.315576617367	0.316239888734	0.217649864283	0.344080457752	31.5420704612	0.836585365854
2	right	ab	88	0.00290012171291	0.00261903808053	0.0	0.00712960366367	0.180371703678	0.173187022901	0.141221374046	0.246660305344	0.016078584688	0.0151226000463	0.0	0.0289045440601	20.231065602	0.743243243243
