sample	leaf	side	label	DII_mean	DII_median	DII_min	DII_max	mDII_mean	mDII_median	mDII_min	mDII_max	mean_ratio	median_ratio	min_ratio	max_ratio	size	solidity
8	right	ab	1	0.0173719765914	0.0131255185152	0.000169361529229	0.0631718504024	0.333260054791	0.270533958554	0.125397065497	0.995915897746	0.0521273892316	0.0485170829769	0.00135060201415	0.0634309087196	34.2989642828	0.803571428571
8	right	ab	2	0.214400928648	0.211363188478	0.06808333475	0.384789394408	0.274438047765	0.257449705037	0.088791408259	0.526244138557	0.781236167486	0.820988272048	0.766778408914	0.731199392478	57.5460400745	0.921855921856
8	right	ab	3	0.251852611733	0.23727550245	0.0757046035653	0.537384132243	0.263358703519	0.232340039328	0.0712448948722	0.698684011496	0.956310189745	1.02124241321	1.06259688784	0.769137583516	58.0033595983	0.868721461187
8	right	ab	4	0.166733095889	0.165974298644	0.0536876047656	0.295366506975	0.251677757951	0.243079715625	0.119044017547	0.434124943276	0.662486416149	0.682797814771	0.450989523641	0.680372117635	71.7229453114	0.909178743961
8	right	ab	5	0.24081580389	0.23947720233	0.0713012038054	0.441864229758	0.244422140847	0.230676145818	0.0930267735592	0.465738919982	0.985245457124	1.03815330138	0.766458956679	0.948738039276	83.9943525326	0.863636363636
8	right	ab	6	0.349166387481	0.331694554995	0.126851785392	0.728254575684	0.233152043443	0.215625472697	0.0311601875662	0.489638481319	1.49759093819	1.53829021611	4.07095705451	1.48733117079	61.2808161853	0.784390243902
8	right	ab	7	0.244484774212	0.243965282854	0.0626637658147	0.420355315546	0.246431331757	0.246407502647	0.0789593102405	0.495386477084	0.992101014381	0.990088695488	0.793620988124	0.848540149947	66.7686504706	0.780748663102
8	right	ab	8	0.182023735946	0.17122450605	0.0550424969994	0.390378324873	0.270260816081	0.260474965966	0.12524580245	0.489335955226	0.673511382766	0.657354941637	0.439475782202	0.797771593735	78.2778584855	0.828894269572
8	right	ab	9	0.32234944307	0.291640553332	0.117198178226	0.72910138333	0.245239905106	0.223415519589	0.0636817425503	0.517924671003	1.31442492171	1.30537284907	1.84037329277	1.40773634498	30.1068686483	0.79476861167
8	right	ab	10	0.329667784694	0.322718393946	0.107375209531	0.688793339374	0.252767802935	0.236424141582	0.0558160641355	0.550446225987	1.30423171332	1.36499763428	1.92373309	1.251336292	55.6405420588	0.83908045977
8	right	ab	11	0.140934892554	0.137606242498	0.0460663359503	0.243372517502	0.221821904685	0.210709423688	0.125548328543	0.395704129481	0.635351557162	0.653061643329	0.366921140924	0.615036587617	66.7686504706	0.863054187192
8	right	ab	12	0.142606330153	0.137182838675	0.0438646360703	0.267421854652	0.258138219803	0.238693087279	0.12524580245	0.470276811375	0.552441751019	0.574724807657	0.350228392585	0.568647758478	55.9454217413	0.853488372093
8	right	ab	13	0.0819505017919	0.0812088532653	0.0233718910336	0.16038536818	0.271540401569	0.241567085161	0.12524580245	0.524580245046	0.301798558588	0.336175159009	0.186608178289	0.305740388996	46.6465914246	0.860759493671
8	right	ab	14	0.229252421719	0.223980622405	0.0716399268638	0.405620862503	0.253997773842	0.219104522765	0.0651943730147	0.636212373317	0.90257649999	1.02225467361	1.09886672041	0.637555758918	38.2624001555	0.855195911414
8	right	ab	15	0.220230171827	0.214411696004	0.0890841643744	0.38665237123	0.253549954621	0.222961730449	0.065648162154	0.488428376948	0.868586910835	0.96165245745	1.35699403382	0.79162552685	85.3663111039	0.866873065015
8	right	ab	16	0.461979398209	0.410871069909	0.0499616511225	1.25361403935	0.282780748663	0.255785811526	0.0512781727424	0.653002571472	1.63370172967	1.60630907343	0.97432588664	1.91976891688	64.7869325342	0.837438423645
8	right	ab	17	0.158422511482	0.157844945241	0.0555505815871	0.306544367904	0.259043230757	0.238693087279	0.113447284828	0.474360913629	0.611567849193	0.661288297206	0.48965985983	0.646226025579	62.4241149947	0.84
8	right	ab	18	0.402750300132	0.37564387183	0.0823097032052	0.915060342424	0.205486867979	0.176297080623	0.0405384964453	0.484646800787	1.95998072331	2.130743575	2.03040838765	1.88809735448	78.2016385648	0.885245901639
8	right	ab	19	0.0166004696868	0.0145650915137	0.00203233835075	0.0511471818271	0.220822327977	0.2091211617	0.12524580245	0.391014975042	0.0751756846277	0.0696490560557	0.0162267981121	0.130806196928	29.7257690451	0.829787234043
8	right	ab	20	0.126662111459	0.120246685753	0.0501310126518	0.242186986797	0.256762279458	0.23097867191	0.12524580245	0.480713961579	0.493304981272	0.520596489528	0.400261020098	0.503806850131	47.0276910278	0.858136300417
8	right	ab	21	0.220710413939	0.205435534955	0.0655429118116	0.436444660823	0.300217835879	0.266374224777	0.125397065497	0.709272424747	0.735167560226	0.771229029861	0.522682979477	0.61534136334	67.4546297562	0.887662988967
8	right	ab	22	0.209368450617	0.198152989198	0.0628331273439	0.504527995573	0.289454148158	0.268189381334	0.115716230525	0.575707154742	0.723321645067	0.738854716067	0.542993208981	0.876362211963	81.0217756281	0.89629005059
8	right	ab	23	0.407537311679	0.374966425713	0.121770939516	1.01362875243	0.239854044185	0.212373317199	0.0603539555287	0.522160036303	1.69910544166	1.76560045612	2.01761323593	1.9412223877	66.3875508674	0.893333333333
8	right	ab	24	0.0643781891331	0.0616475966393	0.0287914599689	0.126851785392	0.209228080914	0.199818484344	0.12524580245	0.351837846014	0.30769382796	0.308517987421	0.229879639921	0.360540478603	49.0094089641	0.868918918919
8	right	ab	25	0.146771588074	0.129815612154	0.0316706059658	0.3974915091	0.331101229356	0.301089093934	0.12524580245	1.0	0.44328312631	0.431153485029	0.252867603913	0.3974915091	67.0735301531	0.823970037453
8	right	ab	26	0.156088782908	0.156828776066	0.0575829199378	0.250655063259	0.224168884306	0.211011949781	0.125548328543	0.448948721827	0.696299949886	0.743222249872	0.458651426155	0.558315573856	58.6131189633	0.865990990991
8	right	ab	27	0.085082348854	0.0847654453791	0.0292995445566	0.140908792318	0.202490179502	0.195583119044	0.12524580245	0.345484798064	0.420180124603	0.43339857649	0.233936339449	0.407858154999	49.6953882498	0.845654993515
8	right	ab	28	0.0611537332487	0.0602927044055	0.0264203985597	0.100092663774	0.201120000862	0.196793223416	0.125397065497	0.321131447587	0.304065895916	0.306375917621	0.210693914208	0.311687517763	59.908857614	0.817047817048
8	right	ab	29	0.267305815758	0.250146978671	0.0960279870728	0.483696527478	0.240843835587	0.225986991378	0.0901527756769	0.47345333535	1.10987194298	1.10690875234	1.0651695009	1.02163506171	46.7228113453	0.885838150289
8	right	ab	30	0.192508973468	0.188330020503	0.074010988273	0.31619797507	0.234755969925	0.215247315081	0.126002117683	0.456663137196	0.820038670497	0.874947129685	0.587378923737	0.692409676446	37.7288607111	0.841836734694
8	right	ab	31	0.0386014365469	0.036243367255	0.00863743799067	0.124142000925	0.236414775706	0.224776887007	0.12524580245	0.447284828316	0.163278443285	0.161241521482	0.0689638919763	0.27754574505	139.101355147	0.800438596491
8	right	ab	32	0.0597673966114	0.0592765352301	0.0328561366704	0.0901003335498	0.206829782925	0.199894115867	0.126909695961	0.348963848132	0.288969005171	0.296539670379	0.258893825421	0.258193890376	17.9879012683	0.855072463768
8	right	ab	33	0.106033141016	0.107036486473	0.045896974421	0.169700252287	0.207371236509	0.204053849645	0.117077597943	0.346543639389	0.511320387539	0.52455019427	0.392021831909	0.489693744161	87.5766888021	0.853006681514
8	right	ab	34	0.0101555807707	0.00914552257836	0.00101616917537	0.031839967495	0.19755168284	0.190288912419	0.122825593707	0.31508092573	0.0514072096208	0.0480612478263	0.00827326898817	0.101053300581	59.1466584077	0.785425101215
8	right	ab	35	0.0358738948692	0.0338723058458	0.00626637658147	0.0765514112115	0.226927826071	0.216608682499	0.12524580245	0.390409922856	0.158085041796	0.156375568398	0.0500326275122	0.196079573622	53.7350440431	0.891276864728
8	right	ab	36	0.138164986819	0.136844115617	0.0577522814671	0.229823595164	0.231625234263	0.218423839056	0.125397065497	0.428830736651	0.596502307959	0.626507235695	0.460555286826	0.535930789286	69.4363476926	0.885325558795
8	right	ab	37	0.0400751718538	0.0386991094288	0.00812935340299	0.0943343717805	0.192265090929	0.1719860838	0.125397065497	0.389653607624	0.208437068114	0.225013027646	0.0648288966793	0.242098032547	18.9025403159	0.700564971751
8	right	ab	38	0.0356624692782	0.0334489020227	0.00660509963993	0.0729948190977	0.236574506392	0.225381939192	0.12524580245	0.439721675995	0.150745191535	0.148409859914	0.0527370938642	0.166002321656	64.1771731692	0.853090172239
8	right	ab	39	0.223915833095	0.224827430051	0.0929794795467	0.347868581036	0.223287436673	0.215776735743	0.088791408259	0.411586749357	1.00281429368	1.04194471789	1.04716752859	0.845188970684	68.1406090419	0.865440464666
8	right	ab	40	0.00798296727501	0.00745190728607	0.00101616917537	0.018460406686	0.192002054363	0.186582967781	0.12524580245	0.307669036454	0.041577509686	0.0399388399418	0.00811339905603	0.0600008596858	19.6647395222	0.911660777385
8	right	ab	41	0.0168792092417	0.0171055144521	0.00254042293843	0.0337029443166	0.201119805911	0.189986386326	0.0940856148843	0.337316593556	0.0839261412632	0.0900354745565	0.0270011833537	0.099914872142	35.1373834097	0.808771929825
8	right	ab	42	0.0182651428052	0.0169361529229	0.00304850752612	0.0726560960392	0.221817955328	0.212524580245	0.12524580245	0.392678868552	0.0823429409859	0.0796903252478	0.0243401971681	0.185026753049	71.2656257876	0.868959107807
8	right	ab	43	0.120292779481	0.120924131869	0.0633412119316	0.176982798044	0.192253450056	0.189532597187	0.12524580245	0.292693994857	0.625698937763	0.638012319065	0.505735207826	0.604668360656	49.0094089641	0.824358974359
8	right	ab	44	0.0321668858381	0.0311625213781	0.0113472224583	0.062155681227	0.187367147259	0.181515655725	0.12524580245	0.282105581606	0.171678366825	0.171679524026	0.0905996227923	0.220327725786	53.5826042018	0.867901234568
8	right	ab	45	0.0220147336764	0.0211701911536	0.00457276128918	0.0491148434764	0.218092211945	0.206474058388	0.12524580245	0.361972470126	0.100942319215	0.102531966093	0.0365102957521	0.135686682082	74.0857628509	0.887671232877
8	right	ab	46	0.019528745261	0.0172748759813	0.00270978446766	0.0528407971194	0.182819286579	0.179019815459	0.125397065497	0.283315685978	0.106819940207	0.0964970047425	0.0216096322264	0.186508547654	34.1465244416	0.85009487666
8	right	ab	47	0.0865822578229	0.0836645954391	0.0315012444366	0.168853444641	0.192227186232	0.185902284072	0.12524580245	0.325366812888	0.450416299171	0.450046086613	0.251515370737	0.518963329857	70.0461070576	0.820535714286
8	right	ab	48	0.238351694929	0.233380187277	0.141586238435	0.357352826673	0.162730094123	0.155347148692	0.07048857964	0.28876115565	1.46470569082	1.50231394167	2.00864082038	1.23753773553	45.8081722977	0.864748201439
8	right	ab	49	0.0694118970943	0.0696075885131	0.0208314680952	0.143618576786	0.207894583742	0.199969747391	0.12524580245	0.329450915141	0.33388025722	0.348090595809	0.166324680649	0.43593315479	94.1316019762	0.863636363636
8	right	ab	50	0.163105314339	0.163687918	0.10974627094	0.221186157173	0.16228104674	0.158296778097	0.113598547875	0.237331719861	1.00507925981	1.0340571676	0.966088678011	0.931970481243	22.8659761885	0.813008130081
8	right	ab	51	0.0838986568783	0.0842573607914	0.0533488817071	0.119061155048	0.152036357518	0.149750415973	0.12524580245	0.207381636666	0.551832852668	0.562651931507	0.425953450442	0.574116189658	27.1342917437	0.791111111111
8	right	ab	52	0.0700573038594	0.0707931192177	0.0350578365504	0.101786279067	0.175612345225	0.170927242475	0.12524580245	0.252155498412	0.39893154305	0.414171071812	0.279912267433	0.403664721601	42.683155552	0.813953488372
8	right	ab	53	0.0691105274569	0.0668131232808	0.038445067135	0.103649255888	0.154175083844	0.153305097565	0.12524580245	0.195885645137	0.448260028365	0.435818014809	0.306956930953	0.52913145226	25.7623331724	0.797169811321
8	right	ab	54	0.122122270132	0.11855307046	0.0707931192177	0.187652574386	0.172474404453	0.167901981546	0.125850854636	0.252155498412	0.708060251138	0.70608499893	0.562515998976	0.744193862785	30.7166280133	0.814141414141
8	right	ab	55	0.115538786248	0.113302863054	0.0550424969994	0.199338519902	0.203652179638	0.191877174406	0.125397065497	0.357283315686	0.567333904571	0.590496829051	0.438945654599	0.557928431446	29.4208893626	0.830107526882
8	right	ab	56	0.0691067561823	0.0701156731008	0.0345497519627	0.109238186353	0.162008437963	0.158523672667	0.122523067615	0.22462562396	0.426562696679	0.442304117242	0.281985691636	0.486312222207	30.2593084895	0.794
8	right	ab	57	0.0488697373436	0.0490301627118	0.018460406686	0.0789224726207	0.157530961417	0.152700045379	0.12524580245	0.214793525942	0.310223062844	0.321088069032	0.147393416185	0.367434131335	30.3355284101	0.837894736842
